10
25
26
27
48
49
62
67
69
74
80
84
87
88
96
97
100
103
108
127
135
140
143
148
152
153
167
168
171
172
175
178
182
184
195
199
210
218
223
224
226
229
231
232
238
241
244
246
251
255
257
267
274
275
277
281
293
294
295
301
306
312
313
315
318
319
321
323
327
330
335
342
343
345
349
351
352
355
357
363
377
378
387
388
392
394
397
399
400
411
415
424
426
430
437
439
443
444
449
452
455
456
459
466
469
470
471
474
475
481
493
494
495
500
501
507
509
513
516
522
524
525
527
528
530
531
535
537
538
543
548
554
555
556
558
560
561
563
564
566
569
573
574
575
576
578
579
581
582
583
588
590
591
592
595
597
598
603
605
610
611
613
614
616
619
620
621
626
627
628
629
630
631
632
634
638
639
640
641
643
644
646
649
650
651
654
655
656
657
659
660
662
668
669
670
671
672
674
675
678
679
682
683
684
685
686
688
689
690
692
693
694
695
696
697
699
701
703
704
705
706
707
708
709
710
711
712
715
716
719
720
721
722
731
734
735
736
737
738
739
740
741
742
743
744
745
746
747
748
749
750
751
752
753
754
755
756
757
758
759
760
761
762
763
764
765
766
767
768
769
770
771
772
773
774
775
776
777
778
779
780
781
782
783
784
785
786
787
788
789
790
791
792
793
794
795
796
797
798
799
800
801
802
803
804
805
806
807
808
809
810
811
812
813
814
815
816
817
818
819
820
821
822
823
824
825
826
827
828
839
854
855
865
872
876
893
895
898
899
900
902
906
908
909
932
933
935
937
939
947
948
949
950
951
952
953
954
955
956
957
958
959
960
961
962
963
964
965
966
967
968
969
970
971
972
973
974
975
976
977
978
979
980
981
982
983
984
985
986
987
988
989
990
991
992
993
994
995
996
997
998
999
1000
1001
1002
1003
1004
1005
1006
1007
1008
1009
1010
1011
1012
1013
1014
1015
1016
1017
1018
1019
1020
1021
1022
1023
1024
1025
1026
1027
1028
1029
1030
1031
1032
1033
1034
1035
1036
1037
1038
1039
1040
1041
1054
1058
1064
1072
1080
 1084
1084
1093
1104
1109
1113
1118
1119
1139
1157
1165
1179
1182
1194
1200
1208
1211
1213
1214
1215
1226
1232
1240
1241
1259
1277
1283
1288
1290
1306
1307
1308
1312
1313
1316
1319
1327
1334
1346
1349
1351
1352
1353
1354
1360
1363
1371
1373
1378
1379
1389
1392
1401
1403
1405
1406
1408
1411
1422
1430
1435
1447
1451
1458
1467
1480
1483
1487
1493
1498
1505
1513
1520
1521
1523
1537
1539
1540
1544
1547
1552
1561
1564
1574
1577
1578
1586
1588
1590
1595
1597
1611
1613
1614
1617
1619
1622
1629
1631
1637
1671
1690
1693
1701
1704
1707
1723
1725
1728
1730
1747
1770
1773
1775
1780
1782
1783
1785
1787
1788
1791
1794
1795
1801
1803
1804
1805
1811
1815
1816
1817
1822
1831
1833
1836
1843
1845
1853
1863
1875
1881
1883
1892
1893
1895
1900
1901
1905
1907
1910
1914
1927
1947
1949
1953
1956
1966
1971
1972
1980
1992
2012
2020
2023
2025
2029
2033
2037
2039
2041
2042
2046
2050
2061
2068
2072
2083
2084
2090
2102
2108
2114
2115
2120
2127
2130
2132
2133
2134
2137
2158
2161
2165
2166
2178
2181
2189
2194
2196
2199
2200
2204
2205
2227
2237
2239
2240
2245
2252
2260
2282
2295
2312
2318
2331
2345
2349
2360
2361
2362
2371
2372
2376
2379
2385
2388
2389
2403
2406
2407
2408
2462
2463
2472
2477
2490
2491
2492
2497
2507
2513
2530
2539
2543
2545
2565
2574
2596
2622
2624
2626
2631
2633
2636
2655
2671
2673
2675
2709
2717
2719
2726
2727
2732
2735
2736
2737
2743
2750
2751
2753
2758
2764
2765
2766
2786
2792
2797
2800
2805
2806
2823
2829
2851
2853
2854
2856
2862
2875
2880
2883
2889
2900
2904
2908
2916
2927
2928
2929
2932
2937
2950
2962
2966
2977
2979
2988
2993
3007
3013
3014
3016
3017
3021
3022
3029
3035
3044
3045
3051
3060
3061
3065
3067
3072
3076
3081
3091
3116
3121
3123
3124
3151
3153
3155
3162
3174
3179
3182
3186
3191
3193
3197
3198
3208
3211
3219
3223
3236
3243
3245
3253
3264
3271
3276
3277
3284
3285
3293
3294
3317
3325
3327
3329
3330
3333
3344
3356
3361
3363
3366
3378
3382
3384
3390
3391
3395
3397
3400
3402
3411
3457
3473
3476
3477
3482
3487
3493
3497
3503
3507
3516
3518
3520
3521
3529
3531
3546
3555
3558
3560
3562
3565
3568
3569
3573
3574
3575
3577
3578
3586
3588
3599
3612
3618
3622
3623
3628
3635
3642
3645
3647
3654
3662
3664
3676
3687
3694
3703
3705
3707
3709
3710
3715
3716
3720
3721
3722
3727
3730
3742
3746
3747
3752
3758
3759
3767
3770
3777
3784
3786
3788
3793
3796
3807
3816
3831
3835
3836
3838
3839
3841
3849
3850
3851
3855
3857
3861
3868
3871
3874
3875
3881
3882
3883
3889
3890
3892
3900
3901
3907
3912
3913
3945
3949
3956
3960
3968
3969
3978
3983
3987
3988
3991
4000
4004
4005
4007
4012
4020
4021
4025
4032
4034
4038
4041
4044
4047
4057
4072
4074
4076
4077
4088
4092
4094
4095
4097
4101
4102
4116
4117
4118
4139
4153
4163
4168
4171
4173
4178
4182
4185
4186
4187
4196
4198
4200
4202
4203
4204
4208
4210
4213
4217
4218
4220
4226
4234
4237
4249
4251
4252
4255
4256
4259
4263
4264
4286
4287
4292
4293
4294
4297
4298
4299
4304
4313
4314
4332
4349
4350
4351
4355
4364
4370
4373
4375
4376
4381
4383
4387
4399
4400
4407
4410
4413
4419
4428
4433
4441
4456
4459
4460
4466
4474
4481
4487
4490
4496
4498
4505
4507
4512
4514
4515
4519
4524
4528
4536
4539
4543
4545
4546
4555
4562
4568
4572
4578
4581
4582
4583
4584
4587
4593
4599
4601
4607
4613
4619
4621
4624
4626
4631
4633
4641
4646
4666
4670
4671
4673
4678
4680
4682
4684
4700
4701
4711
4713
4714
4724
4725
4734
4736
4739
4749
4755
4757
4767
4769
4770
4776
4782
4786
4788
4789
4794
4797
4798
4803
4807
4819
4820
4843
4844
4847
4848
4850
4860
4865
4867
4869
4873
4875
4879
4880
4884
4885
4888
4895
4906
4908
4932
4940
4950
4952
4956
4963
4973
4974
4975
4976
4984
4987
4992
5001
5007
5010
5012
5020
5022
5029
5036
5043
5053
5057
5058
5060
5062
5071
5079
5080
5082
5088
5090
5093
5094
5097
5098
5099
5101
5102
5110
5112
5113
5124
5125
5129
5130
5133
5137
5139
5146
5149
5151
5155
5162
5163
5165
5166
5170
5174
5176
5178
5180
5185
5189
5204
5205
5208
5209
5211
5219
5220
5222
5228
5233
5236
5237
5240
5247
5248
5252
5257
5261
5263
5270
5271
5272
5279
5280
5281
5283
5289
5292
5293
5299
5302
5306
5307
5308
5312
5314
5318
5320
5322
5323
5327
5337
5338
5339
5343
5352
5353
5354
5358
5361
5365
5366
5375
5377
5379
5382
5383
5393
5396
5400
5401
5405
5410
5413
5418
5423
5425
5434
5436
5437
5441
5443
5445
5447
5449
5450
5454
5457
5459
5463
5468
5474
5476
5482
5484
5490
5492
5496
5497
5499
5506
5510
5515
5516
5527
5535
5538
5540
5543
5544
5545
5552
5564
5567
5570
5591
5602
5628
5634
5636
5639
5642
5648
5650
5652
5655
5656
5659
5661
5662
5663
5665
5674
5675
5677
5681
5684
5699
5715
5720
5724
5749
5757
5766
5770
5773
5786
5789
5790
5796
5803
5806
5811
5817
5823
5825
5832
5834
5840
5849
5874
5879
5880
5884
5890
5898
5909
5922
5927
5931
5939
5942
5944
5963
5969
5971
5972
5977
5986
5991
5993
5994
6000
6005
6007
6009
6015
6022
6023
6031
6037
6040
6044
6059
6061
6064
6068
6070
6071
6072
6076
6081
6083
6085
6092
6099
6112
6114
6128
6137
6147
6166
6175
6177
6181
6182
6183
6186
6191
6196
6207
6210
6217
6231
6232
6242
6247
6248
6250
6253
6260
6261
6272
6277
6279
6283
6285
6289
6290
6298
6300
6303
6306
6313
6320
6321
6322
6328
6332
6337
6348
6350
6351
6356
6358
6368
6369
6377
6379
6389
6394
6408
6413
6418
6423
6424
6436
6437
6439
6441
6443
6468
6477
6480
6481
6484
6490
6491
6503
6518
6528
6531
6543
6562
6590
6594
6601
6603
6604
6605
6608
6610
6622
6646
6647
6652
6655
6656
6661
6663
6668
6679
6684
6714
6717
6722
6730
6733
6737
6740
6746
6756
6765
6768
6771
6775
6777
6783
6784
6796
6802
6803
6807
6810
6816
6825
6827
6830
6834
6835
6839
6840
6843
6844
6851
6864
6873
6887
6890
6895
6897
6903
6911
6917
6920
6921
6927
6930
6938
6939
6940
6942
6943
6945
6946
6956
6962
6963
6967
6977
6981
6983
6990
6993
7004
7006
7007
7011
7015
7019
7022
7024
7027
7030
7033
7036
7048
7053
7055
7056
7063
7066
7079
7102
7106
7107
7109
7111
7116
7117
7120
7123
7124
7133
7142
7144
7145
7152
7159
7166
7190
7192
7197
7198
7202
7208
7210
7217
7221
7224
7226
7243
7254
7280
7284
7285
7286
7302
7321
7334
7338
7344
7351
7354
7358
7373
7374
7388
7399
7400
7401
7402
7406
7411
7419
7429
7432
7439
7441
7447
7462
7468
7474
7475
7476
7478
7493
7504
7506
7509
7510
7512
7516
7518
7523
7529
7532
7538
7540
7545
7550
7553
7563
7576
7584
7596
7600
7604
7607
7611
7616
7619
7620
7623
7627
7631
7643
7664
7669
7670
7673
7674
7681
7685
7686
7689
7691
7692
7698
7700
7701
7707
7711
7717
7721
7724
7730
7735
7744
7749
7752
7757
7764
7774
7779
7790
7791
7801
7805
7807
7808
7813
7817
7822
7827
7832
7833
7842
7847
7848
7853
7859
7865
7868
7869
7870
7872
7873
7880
7881
7893
7894
7898
7903
7908
7910
7925
7934
7947
7953
7956
7957
7958
7959
7960
7964
7965
7973
7974
7976
7978
7981
7987
7992
7996
7999
8001
8002
8003
8004
8008
8022
8024
8030
8032
8036
8037
8041
8048
8049
8056
8059
8066
8069
8074
8078
8088
8089
8095
8098
8101
8104
8108
8118
8135
8139
8140
8159
8160
8165
8168
8172
8178
8184
8187
8193
8194
8196
8197
8206
8213
8219
8222
8226
8229
8233
8234
8240
8241
8243
8258
8260
8268
8269
8278
8279
8282
8289
8293
8304
8314
8315
8316
8322
8323
8325
8327
8330
8331
8332
8339
8345
8347
8362
8365
8368
8372
8376
8377
8378
8379
8394
8402
8406
8411
8415
8429
8430
8438
8451
8454
8457
8458
8460
8462
8469
8472
8474
8480
8481
8486
8488
8492
8493
8500
8505
8507
8509
8511
8514
8516
8517
8527
8531
8537
8545
8549
8550
8551
8553
8558
8566
8574
8583
8590
8595
8599
8602
8607
8613
8616
8617
8618
8620
8621
8628
8635
8643
8646
8649
8650
8653
8665
8666
8669
8672
8678
8680
8696
8698
8706
8709
8711
8712
8715
8717
8731
8735
8736
8737
8740
8742
8746
8750
8758
8767
8772
8783
8785
8786
8792
8794
8795
8803
8807
8812
8818
8820
8823
8827
8828
8836
8837
8844
8846
8849
8855
8859
8869
8874
8886
8889
8895
8899
8902
8903
8904
8905
8918
8920
8925
8933
8934
8945
8963
8995
8996
9001
9003
9006
9010
9017
9019
9020
9021
9024
9029
9032
9033
9034
9035
9040
9041
9042
9044
9048
9063
9065
9066
9070
9071
9073
9074
9078
9083
9087
9088
9093
9094
9098
9104
9106
9109
9111
9123
9136
9141
9143
9145
9147
9152
9153
9156
9162
9175
9178
9182
9184
9191
9195
9198
9199
9207
9208
9211
9214
9225
9227
9230
9231
9232
9239
9241
9243
9244
9252
9253
9259
9263
9277
9282
9287
9288
9292
9293
9294
9298
9300
9303
9310
9326
9330
9331
9338
9344
9346
9348
9353
9367
9374
9375
9395
9396
9397
9398
9400
9421
9429
9435
9440
9444
9446
9449
9451
9453
9455
9463
9465
9466
9477
9485
9492
9493
9494
9499
9500
9501
9506
9515
9527
9528
9531
9536
9537
9538
9539
9541
9545
9547
9549
9563
9564
9569
9573
9581
9582
9583
9584
9594
9599
9600
9603
9608
9609
9616
9617
9620
9624
9627
9636
9644
9647
9655
9659
9660
9665
9671
9676
9679
9682
9684
9690
9692
9693
9697
9698
9701
9715
9717
9718
9723
9727
9734
9737
9738
9745
9746
9747
9748
9753
9756
9757
9763
9765
9772
9786
9790
9791
9795
9806
9807
9809
9811
9815
9816
9817
9824
9834
9835
9842
9843
9847
9851
9855
9859
9861
9866
9869
9876
9880
9885
9887
9894
9896
9905
9909
9913
9915
9922
9926
9928
9929
9933
9940
9942
9949
9955
9956
9969
9974
9975
9980
9981
9983
9989
9994
9995
10008
10010
10015
10018
10023
10033
10034
10042
10045
10048
10055
10057
10059
10060
10062
10067
10080
10082
10089
10091
10093
10097
10098
10102
10104
10106
10110
10114
10118
10121
10128
10133
10134
10135
10136
10145
10152
10156
10168
10169
10170
10173
10175
10176
10182
10190
10191
10194
10203
10230
10233
10234
10238
10239
10243
10247
10252
10265
10270
10275
10277
10279
10281
10284
10286
10287
10292
10294
10300
10302
10313
10323
10327
10331
10337
10341
10350
10356
10359
10363
10364
10368
10371
10383
10387
10389
10392
10393
10394
10395
10402
10411
10413
10418
10422
10424
10426
10427
10428
10434
10436
10439
10441
10446
10447
10448
10449
10450
10453
10464
10465
10471
10485
10493
10514
10517
10519
10522
10530
10543
10544
10547
10563
10565
10567
10571
10581
10591
10593
10603
10604
10609
10619
10632
10634
10635
10648
10664
10668
10674
10675
10680
10694
10696
10698
10701
10705
10708
10711
10713
10715
10718
10732
10734
10736
10739
10753
10754
10756
10763
10765
10771
10780
10781
10792
10810
10811
10813
10814
10819
10822
10828
10832
10834
10837
10838
10839
10840
10844
10847
10859
10869
10874
10875
10888
10901
10911
10919
10920
10933
10937
10938
10942
10943
10950
10956
10961
10962
10963
10966
10967
10979
10981
10988
10989
10990
10991
10996
11002
11005
11006
11008
11012
11013
11017
11021
11035
11041
11044
11045
11050
11054
11055
11056
11059
11061
11063
11069
11073
11078
11079
11081
11082
11084
11086
11089
11090
11091
11093
11098
11121
11122
11123
11127
11131
11132
11133
11148
11150
11151
11154
11155
11158
11163
11164
11170
11171
11173
11181
11183
11186
11187
11192
11195
11200
11223
11226
11227
11236
11240
11244
11247
11254
11264
11266
11267
11268
11271
11272
11273
11276
11285
11288
11289
11295
11300
11304
11305
11309
11318
11328
11334
11348
11352
11357
11358
11366
11367
11369
11370
11371
11379
11380
11383
11384
11394
11396
11401
11409
11411
11415
11425
11430
11434
11436
11437
11447
11448
11453
11454
11456
11457
11459
11471
11482
11483
11491
11495
11497
11498
11504
11507
11512
11513
11522
11529
11532
11543
11551
11554
11558
11564
11570
11571
11584
11599
11611
11615
11616
11617
11621
11625
11630
11633
11634
11635
11641
11644
11645
11649
11653
11665
11667
11675
11678
11679
11685
11690
11693
11695
11701
11705
11707
11708
11709
11710
11711
11717
11728
11729
11730
11733
11736
11738
11740
11743
11746
11748
11754
11758
11759
11760
11761
11762
11767
11768
11771
11776
11781
11786
11787
11794
11795
11813
11816
11819
11821
11828
11830
11838
11843
11845
11846
11848
11851
11857
11859
11863
11867
11872
11874
11880
11882
11886
11888
11889
11891
11898
11899
11900
11902
11904
11908
11917
11918
11924
11926
11933
11938
11942
11954
11955
11958
11959
11960
11963
11967
11975
11980
11984
11985
11986
11992
11994
12001
12014
12023
12039
12047
12048
12053
12056
12057
12069
12074
12081
12083
12086
12088
12090
12092
12099
12102
12103
12107
12124
12130
12135
12136
12140
12142
12145
12147
12152
12159
12161
12162
12165
12176
12179
12181
12183
12191
12193
12207
12208
12211
12215
12219
12229
12233
12235
12238
12242
12244
12246
12253
12264
12265
12270
12272
12274
12277
12278
12279
12291
12296
12301
12310
12316
12332
12335
12343
12352
12360
12366
12370
12389
12391
12401
12405
12414
12430
12433
12435
12437
12438
12439
12440
12442
12459
12460
12464
12466
12468
12470
12478
12480
12482
12486
12487
12499
12508
12511
12520
12521
12522
12523
12527
12529
12532
12536
12539
12544
12551
12553
12554
12555
12559
12582
12583
12584
12591
12594
12597
12600
12607
12611
12615
12617
12620
12623
12627
12628
12636
12637
12642
12643
12649
12655
12659
12666
12668
12669
12671
12674
12679
12681
12686
12689
12695
12699
12703
12704
12705
12708
12712
12713
12717
12725
12727
12731
12732
12733
12735
12736
12740
12743
12745
12748
12751
12764
12771
12776
12780
12781
12790
12804
12807
12810
12821
12824
12827
12830
12831
12837
12839
12841
12845
12849
12856
12864
12867
12870
12871
12873
12880
12881
12883
12884
12887
12893
12894
12896
12901
12902
12909
12913
12914
12916
12948
12949
12952
12955
12963
12964
12966
12970
12975
12977
12980
12985
12986
12988
12989
12993
12995
12998
13000
13001
13003
13004
13010
13011
13016
13029
13030
13031
13038
13044
13047
13048
13049
13050
13053
13055
13061
13062
13066
13071
13072
13074
13076
13082
13083
13087
13089
13096
13099
13107
13108
13121
13133
13135
13137
13138
13142
13147
13155
13160
13161
13168
13177
13183
13187
13188
13194
13199
13205
13207
13210
13213
13222
13223
13227
13228
13231
13233
13245
13251
13252
13256
13262
13264
13268
13272
13280
13282
13294
13300
13304
13316
13319
13322
13324
13325
13329
13330
13336
13342
13345
13346
13348
13349
13353
13365
13371
13373
13381
13387
13404
13405
13413
13418
13422
13426
13433
13437
13439
13441
13449
13453
13455
13456
13457
13459
13464
13466
13467
13469
13470
13472
13476
13477
13478
13487
13491
13500
13509
13510
13516
13522
13525
13536
13539
13555
13562
13565
13570
13571
13576
13580
13581
13590
13591
13593
13595
13599
13600
13604
13621
13624
13625
13626
13632
13635
13640
13650
13661
13664
13669
13671
13673
13680
13681
13682
13684
13686
13687
13696
13697
13700
13704
13705
13708
13709
13720
13734
13738
13743
13744
13746
13747
13750
13753
13754
13758
13762
13763
13769
13770
13771
13774
13781
13785
13788
13791
13796
13798
13801
13808
13810
13813
13814
13815
13819
13823
13825
13828
13831
13832
13836
13843
13849
13860
13861
13866
13867
13868
13871
13877
13897
13899
13900
13903
13907
13910
13913
13914
13918
13925
13926
13931
13934
13943
13946
13947
13962
13963
13967
13973
13978
13983
13984
13988
13996
13998
14001
14003
14016
14026
14038
14041
14043
14045
14052
14054
14057
14059
14061
14064
14068
14070
14071
14072
14073
14079
14082
14091
14100
14103
14105
14111
14115
14117
14119
14122
14124
14129
14140
14142
14147
14154
14159
14170
14171
14177
14178
14180
14195
14197
14198
14200
14203
14204
14205
14209
14210
14213
14217
14218
14220
14223
14226
14231
14236
14240
14241
14244
14248
14251
14255
14259
14260
14271
14276
14280
14287
14293
14328
14329
14332
14339
14340
14351
14352
14355
14361
14362
14363
14368
14369
14372
14379
14380
14384
14390
14391
14398
14401
14402
14403
14405
14409
14414
14422
14427
14428
14436
14437
14441
14446
14451
14452
14459
14463
14468
14469
14474
14476
14477
14478
14484
14487
14491
14496
14502
14503
14509
14515
14517
14518
14521
14523
14526
14528
14531
14532
14540
14542
14557
14562
14563
14565
14571
14572
14573
14580
14584
14593
14595
14597
14598
14603
14613
14620
14626
14629
14630
14639
14642
14643
14645
14650
14652
14654
14656
14659
14664
14669
14672
14674
14679
14680
14683
14687
14688
14689
14691
14698
14703
14711
14720
14721
14722
14724
14726
14727
14729
14734
14736
14741
14747
14759
14772
14787
14803
14804
14812
14816
14827
14835
14836
14840
14851
14856
14867
14870
14876
14879
14885
14887
14897
14903
14906
14914
14927
14928
14929
14930
14931
14935
14938
14941
14942
14944
14945
14948
14950
14955
14961
14966
14967
14970
14977
14978
14979
14980
14981
14983
14985
14993
14995
15000
15001
15013
15014
15015
15019
15024
15028
15029
15030
15033
15041
15042
15045
15046
15047
15055
15059
15065
15066
15067
15068
15071
15074
15078
15081
15084
15088
15094
15095
15100
15114
15117
15121
15122
15128
15130
15132
15134
15148
15160
15170
15172
15181
15182
15183
15187
15188
15199
15206
15211
15222
15225
15227
15230
15232
15239
15245
15261
15262
15275
15277
15279
15281
15285
15290
15292
15293
15304
15320
15321
15323
15328
15331
15342
15350
15353
15362
15364
15365
15366
15373
15381
15385
15388
15389
15394
15409
15412
15414
15421
15422
15424
15429
15433
15436
15438
15442
15443
15444
15447
15449
15453
15461
15463
15464
15465
15468
15483
15484
15486
15491
15495
15498
15507
15514
15519
15529
15542
15545
15551
15555
15577
15581
15583
15587
15588
15598
15603
15609
15622
15632
15637
15638
15641
15646
15650
15658
15659
15662
15667
15668
15680
15684
15688
15698
15699
15702
15707
15709
15710
15712
15718
15724
15736
15738
15743
15754
15758
15760
15762
15764
15780
15781
15784
15788
15791
15793
15796
15799
15801
15807
15809
15810
15812
15813
15814
15815
15821
15824
15827
15829
15832
15838
15840
15842
15845
15849
15850
15853
15866
15870
15871
15872
15874
15878
15885
15887
15888
15889
15892
15893
15894
15900
15901
15903
15911
15912
15914
15916
15917
15918
15925
15933
15934
15937
15941
15942
15945
15950
15954
15955
15958
15959
15969
15970
15972
15973
15974
15984
15985
15987
15988
15997
16002
16003
16005
16019
16025
16040
16042
16048
16049
16051
16055
16056
16059
16067
16071
16074
16078
16079
16085
16086
16087
16096
16105
16106
16107
16108
16109
16112
16114
16116
16119
16120
16121
16123
16125
16127
16128
16130
16135
16137
16143
16146
16147
16149
16152
16153
16156
16157
16160
16162
16168
16170
16178
16180
16183
16190
16194
16196
16197
16198
16211
16212
16216
16217
16225
16229
16233
16238
16242
16249
16250
16254
16255
16257
16259
16270
16273
16275
16280
16286
16295
16296
16305
16309
16310
16313
16320
16321
16322
16325
16328
16329
16330
16331
16332
16341
16347
16349
16354
16357
16361
16363
16369
16370
16375
16376
16377
16384
16386
16390
16392
16395
16402
16405
16406
16409
16410
16425
16433
16436
16439
16450
16451
16452
16453
16456
16459
16460
16463
16464
16466
16472
16473
16490
16496
16501
16511
16515
16524
16525
16531
16532
16542
16543
16544
16551
16554
16558
16561
16563
16564
16566
16568
16575
16578
16581
16591
16595
16608
16616
16619
16620
16621
16622
16625
16628
16629
16631
16634
16635
16656
16661
16663
16665
16666
16667
16672
16673
16674
16692
16693
16695
16698
16705
16719
16724
16726
16727
16729
16730
16737
16740
16742
16747
16753
16755
16762
16767
16772
16774
16776
16778
16784
16791
16793
16795
16796
16801
16802
16803
16813
16816
16818
16824
16833
16841
16843
16844
16846
16848
16850
16851
16854
16857
16859
16862
16863
16869
16871
16874
16875
16876
16885
16886
16890
16891
16894
16897
16907
16908
16912
16913
16915
16916
16917
16921
16922
16926
16928
16929
16934
16935
16939
16940
16941
16943
16950
16953
16955
16959
16962
16964
16966
16972
16973
16980
16983
16984
16986
16988
16990
16991
16994
16996
17002
17006
17011
17013
17019
17026
17032
17036
17037
17039
17044
17046
17047
17051
17054
17058
17059
17065
17066
17080
17081
17084
17086
17089
17096
17097
17102
17106
17112
17114
17115
17118
17119
17121
17129
17132
17145
17146
17151
17154
17159
17164
17166
17170
17172
17173
17177
17178
17179
17187
17190
17191
17192
17193
17194
17201
17202
17206
17210
17215
17217
17219
17221
17222
17223
17225
17228
17231
17234
17238
17240
17245
17247
17249
17250
17251
17253
17257
17260
17261
17265
17266
17267
17271
17272
17279
17293
17297
17299
17302
17310
17311
17312
17314
17317
17320
17323
17325
17329
17335
17340
17341
17351
17353
17358
17359
17360
17363
17364
17365
17369
17370
17371
17379
17380
17382
17386
17397
17401
17407
17412
17413
17417
17419
17423
17427
17430
17433
17438
17439
17441
17443
17447
17449
17455
17458
17464
17465
17471
17475
17476
17478
17479
17481
17483
17484
17488
17493
17506
17511
17515
17516
17527
17530
17532
17536
17542
17544
17545
17546
17547
17549
17553
17557
17562
17563
17567
17568
17575
17576
17577
17579
17585
17593
17594
17595
17604
17605
17607
17609
17610
17614
17615
17616
17619
17622
17629
17630
17633
17635
17640
17645
17646
17649
17650
17651
17652
17667
17679
17684
17685
17691
17692
17693
17700
17701
17705
17708
17720
17731
17732
17736
17737
17744
17745
17746
17747
17751
17752
17758
17759
17760
17762
17763
17764
17775
17783
17786
17789
17790
17795
17802
17811
17816
17818
17822
17823
17826
17827
17831
17832
17836
17853
17855
17859
17861
17864
17875
17877
17881
17883
17885
17887
17893
17899
17902
17905
17906
17914
17916
17925
17928
17934
17938
17945
17948
17953
17957
17961
17963
17966
17967
17969
17973
17975
17976
17980
17982
17986
17990
17997
17999
18007
18010
18011
18015
18018
18025
18026
18027
18037
18038
18044
18048
18052
18057
18060
18062
18067
18071
18075
18082
18098
18100
18103
18104
18105
18106
18108
18111
18120
18123
18132
18134
18138
18139
18145
18148
18152
18156
18158
18160
18175
18177
18180
18188
18189
18191
18192
18198
18208
18209
18211
18215
18217
18251
18253
18262
18269
18275
18277
18280
18281
18282
18286
18288
18292
18294
18296
18300
18303
18305
18307
18308
18309
18310
18311
18312
18325
18332
18336
18350
18355
18358
18362
18370
18378
18379
18384
18387
18388
18394
18395
18397
18400
18401
18406
18407
18413
18418
18419
18422
18425
18429
18431
18435
18438
18442
18443
18448
18451
18453
18455
18456
18458
18460
18474
18475
18481
18487
18491
18494
18495
18506
18507
18508
18509
18511
18514
18518
18521
18526
18531
18536
18540
18543
18546
18549
18553
18558
18563
18566
18570
18571
18574
18576
18582
18584
18589
18591
18593
18602
18603
18605
18607
18608
18613
18614
18619
18620
18625
18626
18627
18629
18630
18634
18638
18648
18657
18659
18662
18663
18664
18669
18670
18671
18676
18685
18686
18689
18694
18696
18702
18706
18708
18710
18712
18717
18719
18724
18726
18729
18734
18736
18738
18741
18742
18743
18750
18753
18754
18767
18769
18770
18772
18773
18776
18779
18781
18782
18787
18794
18795
18798
18799
18800
18802
18803
18808
18810
18812
18813
18814
18816
18824
18827
18828
18838
18850
18853
18859
18861
18862
18866
18867
18869
18871
18873
18875
18876
18887
18888
18890
18892
18900
18911
18914
18918
18924
18925
18926
18929
18934
18936
18937
18941
18945
18947
18948
18951
18955
18957
18959
18962
18963
18967
18968
18972
18975
18977
18981
18989
18993
18994
18995
18996
18997
18999
19000
19005
19007
19012
19013
19016
19017
19022
19028
19029
19031
19033
19043
19050
19053
19063
19072
19074
19076
19089
19091
19094
19098
19108
19111
19118
19124
19127
19130
19133
19136
19141
19146
19147
19148
19151
19153
19157
19166
19167
19170
19171
19174
19177
19189
19195
19200
19201
19203
19207
19213
19223
19224
19225
19226
19228
19243
19246
19247
19254
19256
19258
19261
19264
19265
19276
19279
19281
19283
19286
19293
19298
19303
19308
19316
19319
19321
19322
19324
19330
19332
19334
19337
19338
19339
19340
19342
19351
19356
19359
19361
19362
19366
19375
19376
19378
19381
19382
19392
19400
19406
19407
19414
19425
19427
19429
19432
19434
19447
19450
19452
19453
19457
19459
19461
19462
19463
19465
19469
19471
19472
19476
19477
19480
19482
19488
19489
19492
19499
19507
19510
19513
19522
19525
19530
19532
19535
19536
19537
19538
19545
19551
19553
19560
19567
19570
19571
19572
19579
19582
19583
19585
19587
19597
19599
19604
19605
19607
19618
19622
19628
19636
19638
19650
19652
19653
19655
19660
19662
19668
19676
19677
19681
19687
19697
19703
19707
19709
19710
19720
19721
19724
19730
19733
19753
19754
19759
19760
19761
19762
19765
19769
19772
19777
19779
19781
19782
19786
19789
19791
19792
19794
19801
19804
19805
19809
19811
19813
19824
19828
19832
19839
19843
19845
19849
19853
19859
19865
19867
19871
19875
19880
19881
19884
19885
19896
19897
19900
19903
19904
19913
19914
19917
19918
19921
19923
19937
19944
19946
19952
19963
19965
19973
19979
19980
19990
19992
19998
20000
20004
20013
20015
20017
20022
20026
20039
20045
20080
20083
20091
20092
20093
20103
20106
20108
20112
20117
20118
20122
20123
20124
20133
20134
20140
20142
20144
20146
20147
20155
20162
20165
20167
20169
20175
20180
20188
20189
20195
20197
20200
20212
20214
20216
20224
20225
20234
20241
20253
20265
20274
20289
20290
20303
20310
20312
20315
20324
20325
20328
20330
20333
20336
20338
20351
20359
20364
20369
20372
20379
20385
20391
20394
20395
20398
20399
20417
20422
20434
20435
20438
20439
20446
20448
20458
20474
20476
20477
20478
20480
20481
20495
20498
20505
20506
20508
20513
20517
20521
20522
20524
20526
20530
20533
20535
20541
20542
20547
20552
20554
20555
20557
20565
20566
20571
20572
20573
20579
20582
20588
20594
20602
20604
20605
20611
20616
20621
20624
20633
20635
20637
20638
20642
20651
20653
20660
20667
20669
20672
20675
20684
20702
20708
20710
20711
20714
20715
20721
20725
20726
20727
20730
20735
20738
20740
20746
20748
20751
20756
20757
20760
20768
20770
20776
20779
20790
20804
20805
20806
20817
20818
20824
20826
20827
20830
20834
20840
20854
20858
20860
20863
20863
20870
20877
20882
20883
20885
20888
20892
20893
20900
20903
20905
20906
20909
20912
20915
20916
20918
20919
20928
20929
20930
20933
20937
20941
20942
20943
20952
20957
20960
20961
20966
20967
20968
20975
20977
20979
20982
20984
20985
20988
20989
20995
20996
20999
21005
21014
21021
21022
21029
21032
21036
21038
21042
21044
21045
21048
21053
21055
21056
21063
21066
21069
21072
21073
21080
21084
21093
21096
21100
21104
21113
21115
21117
21119
21121
21124
21133
21137
21139
21140
21141
21147
21194
21195
21196
21198
21203
21204
21206
21211
21216
21222
21224
21226
21228
21229
21232
21234
21242
21243
21245
21248
21249
21255
21267
21268
21271
21283
21284
21285
21287
21290
21291
21292
21294
21300
21316
21320
21322
21324
21327
21333
21340
21343
21345
21352
21353
21359
21362
21367
21370
21371
21382
21386
21389
21396
21399
21401
21403
21405
21407
21413
21422
21423
21428
21429
21432
21446
21450
21452
21457
21459
21460
21461
21467
21471
21479
21481
21484
21510
21514
21516
21517
21520
21523
21528
21532
21539
21540
21542
21544
21548
21553
21557
21558
21560
21563
21568
21569
21574
21582
21585
21588
21592
21599
21604
21619
21622
21631
21633
21637
21640
21645
21649
21651
21654
21657
21661
21664
21666
21669
21676
21684
21686
21691
21697
21704
21706
21708
21720
21721
21722
21732
21742
21743
21753
21769
21773
21774
21775
21779
21795
21797
21802
21806
21808
21812
21817
21819
21820
21825
21827
21832
21833
21840
21849
21854
21868
21870
21871
21872
21873
21884
21886
21907
21913
21919
21920
21922
21935
21940
21941
21948
21955
21959
21961
21965
21972
21978
21981
21983
21986
21997
22000
22007
22017
22025
22029
22030
22032
22036
22037
22043
22046
22055
22057
22062
22068
22069
22074
22084
22088
22093
22094
22107
22109
22115
22120
22122
22125
22127
22128
22130
22134
22138
22143
22147
22150
22151
22163
22165
22169
22176
22181
22189
22192
22195
22196
22198
22205
22208
22214
22218
22219
22226
22227
22229
22230
22234
22236
22243
22258
22268
22271
22273
22282
22284
22289
22297
22304
22314
22329
22333
22335
22336
22341
22348
22353
22361
22365
22368
22383
22387
22393
22394
22397
22404
22405
22408
22409
22410
22412
22414
22425
22427
22431
22434
22436
22450
22457
22464
22467
22480
22481
22483
22515
22516
22519
22523
22524
22532
22533
22536
22539
22541
22542
22545
22556
22558
22559
22564
22576
22577
22583
22587
22592
22593
22594
22601
22611
22621
22627
22629
22631
22636
22640
22641
22647
22648
22655
22662
22670
22673
22674
22677
22678
22684
22685
22686
22690
22691
22692
22698
22713
22717
22724
22730
22732
22751
22753
22756
22762
22764
22778
22780
22782
22786
22799
22802
22806
22815
22817
22832
22837
22845
22847
22854
22855
22856
22861
22869
22875
22880
22881
22883
22888
22891
22907
22908
22915
22917
22921
22922
22924
22932
22937
22938
22939
22945
22951
22960
22962
22963
22978
22985
22989
22994
22998
23000
23001
23014
23019
23026
23028
23030
23041
23042
23044
23063
23067
23075
23076
23080
23091
23094
23102
23108
23109
23115
23117
23122
23130
23139
23145
23146
23147
23148
23150
23160
23162
23168
23169
23173
23174
23177
23180
23187
23194
23215
23220
23230
23232
23239
23240
23242
23243
23248
23249
23250
23251
23257
23260
23265
23267
23272
23276
23277
23281
23286
23299
23301
23306
23309
23312
23317
23319
23323
23332
23337
23340
23343
23350
23351
23353
23359
23365
23367
23368
23381
23390
23391
23396
23400
23403
23407
23411
23415
23417
23418
23420
23421
23425
23444
23448
23449
23458
23471
23475
23476
23494
23509
23517
23521
23523
23525
23528
23529
23537
23539
23542
23547
23548
23559
23565
23567
23572
23575
23577
23578
23588
23590
23601
23608
23625
23626
23628
23632
23633
23634
23642
23646
23648
23649
23650
23656
23657
23660
23667
23670
23671
23674
23678
23682
23693
23696
23699
23707
23709
23710
23716
23717
23718
23723
23726
23732
23734
23738
23739
23752
23755
23760
23764
23771
23780
23782
23789
23790
23793
23798
23800
23801
23803
23805
23806
23821
23825
23826
23847
23852
23853
23860
23875
23878
23897
23902
23907
23912
23924
23926
23933
23935
23946
23960
23983
23985
23986
23989
24002
24010
24014
24018
24022
24025
24030
24044
24047
24051
24056
24065
24066
24071
24077
24081
24085
24090
24105
24109
24112
24117
24120
24122
24124
24148
24150
24154
24156
24159
24160
24166
24173
24179
24185
24186
24193
24204
24206
24214
24220
24221
24235
24250
24251
24256
24259
24269
24279
24282
24287
24291
24298
24303
24312
24314
24315
24323
24331
24340
24342
24363
24372
24381
24383
24385
24392
24393
24394
24397
24401
24405
24406
24412
24415
24417
24419
24422
24424
24434
24441
24442
24452
24457
24462
24474
24475
24476
24479
24480
24485
24492
24496
24498
24500
24501
24503
24516
24517
24519
24526
24528
24530
24536
24549
24550
24553
24567
24569
24572
24575
24576
24589
24593
24597
24604
24608
24611
24615
24623
24625
24630
24637
24638
24640
24642
24643
24650
24655
24694
24695
24701
24704
24706
24707
24714
24719
24725
24726
24729
24732
24740
24746
24749
24752
24757
24759
24771
24778
24779
24781
24784
24790
24793
24794
24795
24803
24804
24808
24816
24821
24823
24826
24834
24841
24851
24853
24861
24862
24865
24866
24872
24879
24880
24892
24896
24899
24900
24908
24919
24925
24930
24944
24946
24957
24960
24962
24963
24964
24968
24971
24974
24975
24976
24977
24980
24985
24987
24990
24993
24995
24997
25004
25005
25009
25013
25017
25020
25025
25034
25038
25039
25048
25068
25076
25079
25088
25091
25096
25097
25099
25100
25109
25111
25112
25116
25117
25120
25122
25130
25134
25151
25152
25165
25176
25177
25179
25184
25189
25191
25193
25197
25201
25202
25209
25223
25229
25230
25236
25237
25240
25242
25251
25253
25255
25261
25271
25273
25282
25287
25293
25295
25308
25313
25329
25334
25336
25338
25355
25356
25357
25358
25378
25382
25389
25391
25396
25415
25418
25419
25420
25425
25432
25457
25459
25461
25470
25481
25482
25497
25507
25509
25521
25522
25523
25524
25532
25539
25542
25547
25553
25555
25556
25561
25562
25563
25568
25570
25573
25575
25576
25581
25584
25586
25587
25589
25597
25599
25602
25604
25609
25616
25618
25624
25632
25648
25653
25654
25660
25664
25675
25679
25685
25691
25694
25698
25699
25705
25706
25715
25720
25729
25737
25740
25741
25743
25744
25746
25752
25754
25755
25756
25764
25767
25770
25771
25780
25785
25795
25801
25805
25806
25808
25810
25813
25821
25824
25828
25834
25847
25854
25863
25898
25904
25906
25911
25915
25919
25925
25932
25937
25940
25941
25942
25943
25948
25955
25957
25960
25964
25967
25970
25977
25982
25984
25990
25996
26002
26003
26005
26006
26008
26015
26016
26024
26027
26039
26042
26061
26069
26076
26090
26107
26110
26112
26142
26151
26157
26163
26172
26174
26178
26179
26180
26181
26186
26202
26203
26205
26207
26208
26209
26211
26213
26214
26217
26218
26228
26232
26233
26237
26260
26270
26274
26286
26289
26293
26296
26298
26306
26313
26318
26319
26322
26326
26333
26347
26359
26364
26373
26376
26383
26387
26388
26391
26406
26410
26411
26417
26433
26439
26443
26447
26452
26459
26473
26486
26489
26498
26499
26503
26511
26515
26516
26518
26529
26561
26562
26566
26568
26571
26582
26585
26589
26607
26612
26613
26615
26616
26620
26635
26642
26647
26654
26664
26678
26684
26688
26695
26698
26704
26716
26728
26732
26736
26739
26741
26747
26748
26760
26762
26765
26767
26769
26771
26773
26776
26789
26815
26820
26832
26834
26838
26857
26869
26883
26885
26889
26896
26902
26906
26916
26925
26929
26940
26949
26954
26955
26957
26965
26973
26977
26979
26982
27001
27002
27004
27005
27008
27015
27036
27037
27045
27046
27047
27053
27065
27067
27073
27076
27078
27084
27108
27111
27112
27115
27119
27133
27134
27146
27149
27165
27175
27182
27194
27204
27207
27214
27218
27219
27223
27229
27243
27249
27251
27272
27288
27298
27304
27310
27337
27339
27350
27356
27361
27367
27376
27382
27383
27392
27411
27444
27454
27473
27476
27547
27549
27561
27562
27570
27576
27590
27603
27609
27630
27640
27665
27666
27699
27728
27744
27747
27763
27767
27776
27779
27784
27813
27827
27843
27866
27875
27881
27888
27890
27896
27916
27917
27922
27941
27943
